1.629045182803242042e+01 3.798052264355719743e+00 9.127365665831778108e-01
4.420459591501418117e+01 -2.027598239602513175e+01 -5.011462378428278575e-01
4.877417161503193199e+01 -2.095860022151764213e+01 -7.678644879092260123e-01
4.561676841819176786e+01 -2.141749677287754494e+01 -3.650098645101042955e-02
4.983878336618469262e+01 -2.234086380921555559e+01 -4.133952660185799544e-01
4.573924172717232750e+01 -1.943618711016937439e+01 -6.183351956500996449e-01
2.806934945147346383e+01 -1.169407160292239389e+01 -1.257302583976308563e+00
4.023762672447852395e+01 -1.856790665903732318e+01 -3.156045701570394657e-01
4.732326763807216707e+01 -2.100587326568470559e+01 -7.130615360168539585e-01
-2.393862458941504556e+01 -1.832602327573911438e+01 -7.488924614645502409e+00
-2.658551902544584777e+01 -2.119461296925901195e+01 -8.204800387147324514e+00
-2.567204591035223160e+01 -1.997134662367137636e+01 -2.657151912070152555e+00
-2.972184365550957352e+01 -2.464242251058389854e+01 -8.321975683226186860e+00
-2.653158722164384287e+01 -2.312089575331734181e+01 -7.267160225941327489e+00
-2.765604266677982537e+01 -2.349411704063533790e+01 -8.468878047126233710e+00
2.144418283445854811e+01 -9.171087140602510956e+00 7.365451956529524002e-01
-1.538686701253304179e+01 -1.467767446951884658e+01 3.265953543886914279e+00
4.961914295594078261e+00 -7.491052943313979640e+00 3.978272036173183146e+00
-1.759592499515224162e+01 -1.805122692095253001e+01 -5.609574759286428680e-01
-6.198637516589144525e+00 -6.170963729881005833e+00 6.956406220965830833e+00
-1.911165790912835405e+01 -1.745831622491146362e+01 -4.553251956106533771e-01
-3.847850025181534406e+00 4.243098158906811079e+00 5.515127331798789001e+00
-8.648915643163935130e+00 -1.057198437361862808e+01 5.172929933166034111e+00
-1.891306625932524810e+01 -1.087851927733422031e+01 9.244768682935257331e+00
-2.474136026148126533e+01 -1.651731239333120271e+01 2.577112642125725994e+00
-2.133118889997466638e+01 -1.166469818956571736e+01 9.829596243855737825e+00
-1.754084707439908186e+01 -5.570066461820883497e+00 1.271682556741110304e+01
-1.699949860617452302e+01 -5.807714738895818130e+00 1.150580105196329228e+01
-1.656206239858254037e+01 -1.083955880078862855e+01 9.572996834477379480e+00
-2.128860371147417041e+01 -1.302906850163855168e+01 7.361267545479359242e+00
1.273332414442759630e-01 2.609863397759051651e+01 -1.306642697993321223e+00
2.989434665926640200e-01 1.910540461449205552e+01 -1.128420507603095757e+01
-1.823278380073828364e+00 2.029271931245703087e+01 1.276953920378425478e+00
-1.590188045202164169e+00 1.316528134949817641e+01 5.290992899668435889e+00
-1.740783420543062121e+00 1.393986000700334493e+01 3.462764089726007466e+00
-2.065439319861227752e+00 1.949357586114173557e+01 6.104199279837310144e+00
-4.217726643769698747e+00 1.652891133292654757e+01 8.440087904860307688e+00
9.736351573790784641e-01 2.257371759432372116e+01 -8.600246236057852656e+00
6.150116253876879435e-01 2.016386819676201370e+01 -8.624127954505945937e+00
1.560470853583836970e+00 6.428062409233652019e+00 -6.998901065634319352e+00
1.208757705908460878e+00 2.533931537230618503e+01 -3.803476915834503647e+00
-7.623102447803054016e-01 2.352811129384707911e+01 -6.700722031131164158e+00
5.712562979733624147e-01 2.186065199647154245e+01 -4.627750025959871394e+00
2.455284164499738964e+00 2.690236335231514531e+01 -3.215077989327158825e+00
-6.799316918724561676e-01 2.256212032387024635e+01 8.843573232030442766e-01
7.934354484686974018e-01 2.494518795000195865e+01 -5.460654987376993397e+00
5.350210453308454905e-01 2.567207120475367432e+01 -4.920922410815945724e+00
1.661914685852249551e+00 2.381143081854148136e+01 -1.090984569037206864e+00
9.836609060979162322e+00 1.734732600320774409e+01 -2.350892617002111329e-01
2.884192159314558079e+00 2.508984976109558218e+01 -1.745188124169628319e+00
2.219012807490365802e+01 -1.510341897514541065e+00 4.445245512078475070e-01
4.498899786694892811e+01 -1.952900047017409690e+01 -5.480538347603093330e-01
2.455659667046097283e+01 -1.332418974181041094e+01 3.568085291598073194e-01
4.808078443181599937e+01 -2.242539162285796550e+01 -2.906193997895161751e-01
4.969077839905429528e+01 -2.248790385502684330e+01 -6.844056206556319299e-01
4.717880753311896314e+01 -1.926302172895329079e+01 -7.296599366510740925e-01
3.603494975939880618e+01 -1.705121594196878831e+01 2.140055195815701305e-01
4.733658944561038595e+01 -2.096478029458737424e+01 -7.321950372367895810e-01
-2.436650323651027605e+01 -1.831417405777923335e+01 -7.763731177214507007e+00
-2.812474599362477434e+01 -2.278331154423018035e+01 -8.391498298543167422e+00
-2.714956073768841094e+01 -2.068464489832731346e+01 -2.641932862627961232e+00
-3.081482767500009246e+01 -2.552645723591959737e+01 -8.509496432367436469e+00
-2.860790250068339802e+01 -2.310294644479992243e+01 -7.225294347768328684e+00
-2.811079915103409377e+01 -2.519115929217173289e+01 -8.011877009973465746e+00
-2.358374266394259777e+01 -2.129765800396120312e+01 -5.035065281817689531e+00
-2.870016583481825023e+01 -2.441902061329147955e+01 -9.200130907067110897e+00
9.826640502168052294e+00 -3.094947010858419834e+00 -2.866276666964195918e-01
-1.912616339074873650e+01 -2.111357095780829951e+01 -2.208404454086041913e+00
5.227087727897674480e-02 1.149032383445863781e+00 5.621135595767246862e+00
1.078551390285429790e+01 -8.500761721202364285e+00 3.403574656682990085e+00
-1.288205498992704534e+01 -1.290855146862209324e+01 4.841184674972760504e+00
-4.477455593448902427e+00 5.761366881487216540e-01 5.265399467102210629e+00
-6.764604584249021890e+00 -9.269119743209794038e+00 5.075689946286973786e+00
1.690868243231070878e+00 3.405499230449439807e+00 -6.566175766334876762e+00
-1.951921969241098154e+01 -1.332016787393560975e+01 7.030442174009075451e+00
-1.967231774234707586e+01 -9.969373482113175200e+00 9.790552180518574232e+00
-1.784257640797190803e+01 -1.135480139389327903e+01 9.906749341293334510e+00
-2.215480253701315760e+01 -1.385426130919766408e+01 9.350863618982948822e+00
-1.200535003524793254e+00 2.568454465377776685e+01 1.401925508350245764e-01
2.777296122970567271e-01 1.741835163984351453e+01 -1.024104975976697141e+01
-3.940571811011690073e+00 1.608462994778298949e+01 6.955132610869449117e+00
-5.833962732668452889e-01 2.338728284165229354e+01 2.619378505683331415e+00
-1.162473161397758359e+00 2.310907488879513849e+01 2.786557991136852319e+00
-2.910469612406852757e+00 1.244915579736350786e+01 6.484428725270560356e+00
-1.260644749449545365e+01 2.371611190591248697e+00 1.172451548355522455e+01
-5.673572156846213854e-01 2.399953014718912669e+01 9.640503897337635575e-01
-3.367187719159755677e+00 1.740007323067789002e+01 8.472578452984944164e+00
-9.498548388518630148e+00 8.517137395645310249e+00 1.024919694356285582e+01
2.378064103477479929e-01 1.707671702047623441e+01 5.526778915999159381e+00
2.492613556922858575e-01 2.397061633006736159e+01 -1.979768063652419086e+00
-1.946408485021406121e-01 2.582788710661809262e+01 -1.640388382708229398e-01
-3.748060321882638046e-01 1.439656753084875440e+01 -1.053996335462823097e+01
1.121943183744652205e-02 1.595581040140178608e+01 -9.804657460993672302e+00
-1.397561140498397636e+00 2.364013962206031749e+01 -2.669501410317599799e+00
-8.032336797023474639e-02 2.036061004342143832e+01 -5.391834069073183855e+00
2.504209846137829043e+00 2.699635050397045433e+01 -2.000833907578856152e+00
7.500277429070083546e-01 2.562906896677826296e+01 -4.095909002209714878e+00
1.721159590721134780e+00 2.473510355742762457e+01 1.134544791229379790e+00
1.206811359889330149e+01 1.134461402079137038e+01 8.625100989036168508e-01
2.747413847813174659e+00 2.487605680526077734e+01 -3.562541994043158522e-02
