1.616780815479232558e+01
4.466026956726304320e+01
4.922371354156580736e+01
4.611808081265137815e+01
5.034801181388618829e+01
4.618863705455925839e+01
2.832270634349745819e+01
4.065101188987307523e+01
4.779261052775353136e+01
-2.349077435671737746e+01
-2.607934659283168344e+01
-2.517293561872765650e+01
-2.913311281041498191e+01
-2.598761566354663088e+01
-2.710038932018670010e+01
2.164665385193776714e+01
-1.503161109038856935e+01
5.177145730202338925e+00
-1.716820502963116368e+01
-6.017193902755243684e+00
-1.871552353514934808e+01
-3.963492009929137971e+00
-8.349418394704564150e+00
-1.860947961295465802e+01
-2.434851991747577316e+01
-2.106690143545562321e+01
-1.743303859273241940e+01
-1.687422255136941018e+01
-1.629645141590522783e+01
-2.102261474620751613e+01
-5.565208188459602745e-01
-1.797181982948760637e-01
-2.246422470166926644e+00
-1.884336915837478976e+00
-2.065301689627801807e+00
-2.457742779383952580e+00
-4.565997853249442961e+00
4.071536026121549967e-01
1.223653411686999870e-01
1.401135857101484028e+00
6.051214305995141762e-01
-1.300503257849214833e+00
3.784653588391082013e-02
1.829164169297518239e+00
-1.155476005201231837e+00
1.987338970189715948e-01
-9.829044562034291999e-02
1.130436778230635486e+00
9.408882528366186548e+00
2.286278060708286652e+00
2.218554532076632668e+01
4.541391967377592209e+01
2.487967587379590029e+01
4.859127482673267906e+01
5.019935184795001248e+01
4.759290022636411521e+01
3.641531206614060068e+01
4.780523171258666082e+01
-2.391508282009537112e+01
-2.756897317523435831e+01
-2.663020873451707615e+01
-3.019864743552699338e+01
-2.805641029228187122e+01
-2.751505201638010334e+01
-2.312492247755596964e+01
-2.810947018814956166e+01
9.908811238678152833e+00
-1.859816360520295220e+01
6.764120375764914872e-02
1.098029556143345076e+01
-1.253953756535855035e+01
-4.452130531808760061e+00
-6.547490745535705869e+00
1.598319870945772880e+00
-1.918378892807032798e+01
-1.944282611623687629e+01
-1.754998960207754877e+01
-2.179655063260677039e+01
-1.781142053030329908e+00
-1.510412738988774484e-01
-4.310174417820013204e+00
-1.127196026206863655e+00
-1.704714881821561168e+00
-3.213827905366162696e+00
-1.262951228566794981e+01
-1.158409737806960438e+00
-3.723180559680098867e+00
-9.719212976367021639e+00
-1.551164070885955593e-01
-2.985940716745638657e-01
-8.146756278776253746e-01
-7.390034751097040999e-01
-3.958307279460274719e-01
-1.964218540336037711e+00
-5.948512013062912107e-01
1.867341041367504895e+00
1.306342315167568768e-01
1.130590262647569233e+00
1.177641740839932716e+01
2.151037421349823564e+00
